201015 37567 159128 183551 63852 175628 
200971 200952 119905 23332 100500 86397 
200777 129592 168879 188783 57129 190877 
200803 9774 88952 197016 117631 55050 
200611 168618 65966 41869 186996 140814 
200748 78785 194021 78495 132539 75717 
200624 194374 79182 148898 183501 25008 
200548 150845 156102 156691 97692 128114 
200463 110546 161899 116966 10871 10337 
200469 6925 166406 956 156528 29784 
200319 57799 182720 140192 47225 100803 
200384 141868 41745 166406 145539 176205 
200358 99463 89626 110546 51311 125439 
200133 75146 133724 74883 119136 135711 
200136 153773 22916 19651 86536 16230 
200166 153046 181074 156958 173744 152282 
200114 25895 153167 95770 108795 41897 
200058 194813 188559 106476 168560 190938 
200049 48563 19989 172579 152371 123990 
199661 127072 25008 180096 14818 88851 
199597 94472 176797 131029 61749 23693 
199579 75497 133694 39800 162580 135876 
199472 134642 141367 27838 187994 10326 
199388 180899 111790 86321 39867 146792 
199341 133851 112584 193660 144267 161678 
199214 194091 99468 163926 84155 20142 
199358 97142 193660 127757 22048 108353 
199131 12838 27888 126139 47216 186409 
199010 121354 121794 25110 42554 150608 
198790 78670 44201 43780 2757 182856 
198805 97142 188215 171431 82069 127696 
198693 176466 126711 77951 66456 158990 
198718 98931 163511 2245 64393 2369 
198543 96347 197012 144219 77995 166037 
198479 20142 127073 132855 99468 15967 
198414 44834 156526 126139 51469 101591 
198118 142022 17062 53986 134712 3001 
198249 197958 32616 173113 29093 107099 
198198 149536 157448 75717 56802 32798 
198206 41897 154481 136962 98545 17078 
197947 13224 58717 19588 141868 69723 
198081 62427 40987 136822 60754 24466 
198068 154302 1378 153633 55985 128508 
197795 99944 107675 185058 129064 104370 
197917 174007 78682 37930 101511 195516 
197669 131512 40304 124371 9485 16464 
197708 194965 102787 125637 66234 188542 
197718 150482 126569 5478 173140 64883 
197415 123913 132507 147570 89423 3709 
197519 196940 100655 88437 163939 179575 
197407 169244 96860 104162 78402 178644 
197304 178735 97814 149418 147515 146373 
197206 184702 142549 149590 169374 107526 
196965 162366 131666 2329 190877 169244 
196975 57658 159823 107142 25147 67650 
197012 130979 10498 31188 18351 72839 
196988 45409 113632 144224 118730 129592 
196816 22802 132536 129741 116492 194091 
196788 176268 65851 161431 42289 167727 
196713 57031 26727 57724 2440 59051 
196642 102735 110995 159627 14 194506 
196413 6961 162964 4358 111968 138879 
196423 174836 50358 23332 159536 160322 
196135 59587 193510 186353 57255 161544 
196279 52463 1713 121376 194374 151679 
196156 172816 10590 63852 23499 71295 
196067 53929 114317 179207 139471 1914 
196060 103004 102886 18750 178603 64143 
196081 161544 35515 115716 198724 132536 
195659 119737 177482 187127 61396 102502 
195595 66533 191716 35756 102502 34232 
195507 12095 77632 65389 39380 28876 
195368 194310 49417 121358 136256 187794 
195111 1597 61663 102615 180550 117804 
195051 147355 23157 134435 80460 159685 
194965 133296 66234 79639 188296 63089 
195004 17758 154539 154570 86071 48131 
194946 46946 118755 157285 99212 110491 
194745 140860 30956 54897 61441 24932 
194507 199305 59077 186967 53107 75228 
194484 101521 130109 103020 83351 65342 
194537 23473 5112 137511 36022 86338 
194374 200624 63531 175096 159685 88851 
194264 32906 147906 83358 169262 167638 
194284 112929 172346 102604 19048 185385 
194227 104273 109178 63335 130269 79150 
194363 132766 139771 27322 39761 138682 
194194 66722 55592 186255 156528 73486 
194060 29109 42548 66459 179516 64996 
194138 183789 56414 155224 74398 104386 
194082 91561 199737 159751 185914 132357 
194107 144943 86273 37321 98931 162000 
194021 105810 57452 19838 37774 150083 
193823 43722 180029 68145 17416 195048 
193715 63852 82411 118308 146964 140862 
193594 193587 29093 198154 166188 23862 
193674 173960 98202 61005 79182 142693 
193621 127240 186518 142053 17354 155181 
193477 103372 28309 179184 96860 104162 
193306 55337 37616 120104 36880 70672 
193416 66647 116798 54897 42905 102038 
193170 45935 49654 116404 54262 63232 
193252 150674 51434 175982 160140 61510 
193173 188527 88221 95452 85967 106063 
193272 139411 200033 152861 32666 64133 
193050 41099 170202 67357 147184 87816 
193131 112584 78490 65669 100882 163025 
193081 139225 120201 61441 88660 186996 
193027 69595 155331 167922 33370 142632 
193038 142693 75480 169315 113851 165657 
192872 96692 150595 42289 64820 112449 
192845 70673 83275 140555 126293 17730 
192723 197419 192244 43737 59804 6268 
192695 4876 27032 15669 105644 174802 
192638 148007 45823 87400 168560 184385 
192424 121617 12537 122938 54769 122385 
192232 4824 37004 8332 51803 1153 
192143 164808 97314 89575 44609 57799 
192060 186188 19105 19379 60584 57019 
191945 61633 21087 117071 46216 119179 
191790 138776 91572 119814 38561 146686 
191737 32941 24979 13927 152282 152359 
191725 168961 25575 148898 107832 196081 
191803 33601 14847 133502 19989 100429 
191565 39315 54644 96968 61187 131507 
191646 95632 115177 83301 83351 100738 
191373 120958 111110 142985 69633 195633 
191371 23483 52217 41745 80505 102364 
191331 71526 13004 162470 175982 162909 
191299 60337 128243 139977 158489 148562 
191139 134728 132093 141095 35761 108692 
191053 51488 200469 152843 119147 108406 
191072 44949 97191 49610 184077 133921 
190989 510 30633 199403 140711 70629 
190925 142132 165657 111599 147344 199067 
188807 15414 159959 65966 134274 163326 
190831 175149 28650 23255 49395 74933 
190908 188620 103578 13927 67745 117551 
190900 126514 48090 64298 32178 22048 
190878 120907 121646 84973 112280 133391 
188724 158990 194725 114304 33369 170183 
188675 174917 167665 42905 147552 168879 
188704 30215 120342 78044 1914 34232 
188550 105795 37461 96847 83172 101822 
188524 60337 166146 112831 191299 141388 
188533 55607 18602 152436 21598 54962 
188377 46133 168001 128243 166037 67715 
188296 19766 57452 194965 86249 58272 
199295 7052 99377 105972 53292 82909 
188192 53191 42999 55668 158498 162309 
187987 156528 168001 112280 163789 200469 
187966 11746 72986 29381 50031 168151 
187774 123262 11269 4401 146723 95946 
187861 148843 42313 184470 20980 188554 
187803 167855 124939 134865 115859 26232 
187834 66342 41205 31749 65351 89676 
187691 154481 24850 186615 30767 150761 
187619 46145 5162 32508 187754 106131 
187636 7089 69705 166933 113124 417 
187486 5683 66121 159471 109332 126311 
187440 43780 120131 4534 199594 159280 
187527 98931 50106 56793 139433 37909 
187350 82884 73464 7469 8431 199962 
187343 770 14981 93789 114646 185430 
187169 155380 175619 91378 169842 102956 
187143 179937 49610 131021 21533 85865 
187134 10083 142674 138985 174568 61000 
187010 87075 26990 27779 125324 164027 
187127 49011 175096 31520 79427 177482 
187012 66865 83301 66631 145402 49031 
186958 120733 119102 138981 16438 1401 
186886 149598 32389 22406 112041 48933 
186976 180613 149299 10408 127456 75148 
186995 175078 138776 279 15045 11539 
186890 75173 113707 56403 30666 7340 
186969 98348 41818 25895 30024 50429 
186981 50182 167638 1266 82650 132809 
186705 187803 150479 168564 96185 53139 
186820 132229 163825 147982 192125 39807 
186489 22350 112268 175525 38982 85345 
186603 24820 88177 47466 24743 112775 
186537 52079 5718 161808 34774 61815 
186355 112449 157448 70385 198121 32798 
186398 141777 51483 58400 52688 82907 
186409 139635 113681 180370 123834 39807 
186423 2749 59230 121343 142922 173319 
186249 131562 123550 96314 11351 63384 
186222 111611 36728 28304 4839 152981 
186059 42927 161022 66201 82054 168746 
186024 20025 26579 196248 58219 119821 
186112 21975 158989 30081 175362 131104 
185998 129504 148912 168519 112906 188690 
185785 130175 24146 82884 18355 57452 
185840 154847 121879 77668 86793 148801 
185772 75764 83587 187147 127168 132536 
185857 94951 193936 61403 54136 52685 
185571 194198 134373 21975 115514 112449 
185672 61140 26951 146964 108936 2053 
185513 12273 9309 110498 61396 129444 
185391 80436 103142 19099 25299 4408 
185251 129592 126139 126304 180899 52010 
185240 20425 179132 119911 57434 161140 
185274 121428 11707 8489 113946 141295 
185156 50690 59230 59244 113580 46634 
185196 155792 13865 61005 146964 7687 
185202 163523 46270 132536 44115 121048 
185022 31204 140850 127753 139757 6528 
184802 44425 146141 142640 185914 180212 
184841 122195 176268 147355 149451 184720 
184633 198868 3388 162258 196131 150771 
184702 176436 114722 53929 131119 41745 
184722 79899 75984 79733 68145 94241 
184476 176927 170212 150530 43641 131476 
184544 114764 147198 18781 175863 126096 
184537 147899 148163 42325 70447 111834 
184596 78779 37368 112703 139861 40443 
184411 118533 123569 100333 26690 20924 
184351 59807 157388 15141 163030 49004 
184458 50780 49118 127110 110252 96414 
184389 180550 114562 148260 67056 93789 
184071 132539 127956 193674 48782 50543 
184203 184972 79408 83587 75764 156053 
184184 12812 132086 49663 186996 123572 
184015 79090 68489 39976 116404 20161 
183984 89166 154847 51549 180518 18499 
183777 54859 69224 86953 156211 171677 
183807 131507 161864 169848 185965 43526 
183857 161133 195326 87075 87364 114722 
183862 78053 39825 188296 78578 57452 
183775 103499 136584 86273 36667 144335 
183676 99164 81569 146964 2879 63602 
183723 73164 10243 110236 60172 134175 
183598 38523 140555 58719 20760 13666 
183508 24785 131931 148879 165195 27596 
183525 4524 184087 119682 49605 87364 
183258 195742 47846 52463 59517 98319 
183129 120260 61747 99009 115561 99021 
183026 176385 11353 151679 88851 64346 
183144 182831 72837 116774 40699 179531 
182942 108050 125831 7687 112706 64068 
182868 85172 46110 112903 33740 171474 
182856 18351 182855 130979 168151 160140 
182855 182856 31925 167551 130979 101064 
182831 170707 5978 52969 66115 112468 
182720 16230 200319 27888 63852 43325 
182581 175863 69028 171598 130180 66158 
182557 74486 173860 199893 36200 111708 
181270 126295 91124 49987 102038 29574 
181286 196949 34901 136360 29841 172191 
181343 179465 2401 179444 140776 38106 
181162 67997 163605 47359 46788 22995 
181117 35125 79248 28281 180848 18166 
180982 57505 21386 565 17758 79952 
180753 62189 159246 70059 99712 141095 
180961 1924 161133 36647 16230 186690 
180916 46145 5989 117597 91561 54315 
180824 58020 86541 76440 28994 70379 
180633 50231 140255 107661 97126 162828 
180599 91335 16806 65624 110088 131678 
180651 63852 61396 33432 54039 33316 
180354 14377 129217 197004 8358 187236 
180463 24087 132536 150338 186513 44201 
180362 19370 62978 52824 155380 127956 
180234 115818 162562 152025 141459 63545 
180307 17719 174578 101019 65389 8452 
180195 110546 37100 93880 22191 116203 
180215 185593 119682 76314 35360 87015 
179888 112065 83927 37368 16748 27756 
179978 115597 149590 129981 19036 198579 
179732 128431 17017 119619 196060 194390 
179755 167530 56529 171045 146964 128810 
179738 141289 149943 127689 12125 64986 
179540 70919 57518 86157 194965 106482 
179625 43185 75474 64393 153150 127099 
179485 119469 36630 8704 135238 43956 
179344 7208 4471 117295 198121 101203 
179338 34452 117748 179540 63062 68264 
179317 141231 103781 115448 168961 180581 
179167 63852 139892 122430 201027 37930 
179096 60337 130674 139317 146964 73953 
178835 71053 49401 150829 137456 63973 
178688 9540 21401 38518 117300 100494 
178661 173016 115002 35203 22802 152742 
178723 46602 148260 186681 103425 52079 
177487 152025 86067 15984 63707 102008 
178566 98064 175201 25398 106305 145241 
178594 184860 71072 52147 12091 82907 
178613 179516 157299 169120 153773 66280 
185481 164118 61446 179133 116980 200920 
177462 51831 15158 124371 12095 142290 
177327 25008 38656 148544 185836 110405 
177260 193038 75480 136366 137287 5964 
177169 94855 145240 147824 200159 45421 
177087 200631 120008 49601 168873 98760 
177154 161571 74398 28304 18166 160105 
176919 24439 22481 154843 73314 26338 
176991 169089 72772 64078 44145 200434 
176855 80332 137219 130073 116355 70040 
177001 117583 85838 160077 157430 196279 
176673 169244 191695 96860 35735 126413 
176764 76208 152143 89974 59477 131934 
176545 120636 165835 168164 31886 62903 
176542 113832 62227 46701 94941 55256 
176578 1460 125690 60988 116569 30779 
176470 176469 110176 179818 138682 83667 
176385 151679 64431 101367 183026 73464 
176443 3782 11351 195241 127110 50231 
176261 27032 117745 77827 197615 48952 
176062 183802 125586 148347 169089 108284 
186924 15575 186781 69341 112280 168519 
176019 176203 152900 142687 136102 62036 
175958 146671 150595 144503 115716 115448 
176154 193567 178999 185957 136239 26360 
175816 175714 70810 105997 168741 45348 
175919 116492 1583 41778 15952 178894 
175901 117631 186598 136345 99040 108250 
175865 106394 89603 135601 565 49959 
175702 119598 35796 8370 86748 110815 
175481 25490 2929 142496 87646 25579 
175412 143059 120636 135417 37534 108250 
175590 175544 89626 11853 170725 180056 
175442 139223 47216 15430 101247 126981 
175422 419 23693 52322 168802 41305 
175129 94472 175525 2401 73741 3770 
175011 104544 187412 141161 2053 65919 
175028 86329 61970 3101 123924 71209 
175031 151437 130979 72735 170212 165499 
175076 156922 95236 133851 149451 48198 
174836 128882 115867 115792 2233 150271 
174873 108740 18487 122526 127757 50490 
174867 118021 2057 169253 153702 61785 
174604 47513 47054 62943 52118 67724 
174754 23188 52780 58896 188542 86221 
174703 162828 172459 110498 60263 199594 
174495 38325 169089 131724 64078 150182 
174432 86157 151214 148260 186681 57129 
174522 159005 101091 93880 113846 117127 
174585 52245 15444 176344 37470 148045 
174578 68199 144158 7340 180307 199574 
174356 197611 151679 94627 94096 132712 
174281 128369 127956 126880 150141 185978 
174200 142496 32127 107049 12409 40429 
174335 196267 193144 118976 107902 132816 
174007 197917 135039 184951 146048 200973 
173903 140950 129512 116622 26575 142613 
173915 105566 36121 141231 87955 161678 
173960 130928 193674 79182 114518 117193 
173744 76067 174555 15098 88311 142985 
173717 25268 113366 196012 142063 154667 
173831 148108 45443 27596 128153 97825 
173654 156846 13614 116628 178800 193318 
173584 96993 134458 652 133708 94044 
173606 35478 119915 195326 136722 105930 
173604 188085 99728 120891 115859 153618 
173624 130704 169999 134865 129781 96875 
173486 172648 172677 78169 173810 169089 
173400 80556 159993 171488 159475 155434 
173362 153260 161353 86335 155224 94961 
173511 171215 10048 18498 176747 59166 
173151 110748 32519 61749 180518 188273 
173241 62241 63852 13496 62331 45672 
173307 65881 148606 150449 150278 77827 
173300 153977 109758 187965 125173 45569 
173291 156093 88437 115859 121697 15093 
172958 55337 61403 136312 142390 102787 
173089 165267 30058 35538 59166 77980 
173016 178661 22802 80460 110635 62331 
173127 107270 58272 48296 79408 33977 
172788 136822 176148 40958 170878 3101 
172892 164027 111354 165542 176113 31388 
172879 61749 120740 10760 25147 173151 
172604 159210 113580 54039 141295 52688 
172654 114822 135002 125116 104276 111479 
172490 198209 49654 159280 113881 82501 
172462 167491 153762 171677 175863 83024 
172509 154667 12848 192244 16840 126282 
172346 28491 1666 79709 128105 79024 
172301 75146 62911 156902 23060 75954 
172407 171681 61827 151907 196997 59491 
172171 184833 65607 121343 48741 113272 
172202 144902 171502 13167 98493 113580 
171960 70671 63850 89219 120498 193936 
171984 57521 150083 55337 10141 22615 
172079 112041 140195 63852 175863 98931 
172072 162733 117483 129064 75474 167922 
171863 175091 86011 18134 151679 46517 
171753 162223 18496 75066 165455 53029 
171747 102787 167505 47158 175623 25789 
171607 52245 53188 199359 66158 22645 
171877 171824 121617 50987 44751 58140 
171664 59804 11707 50231 150083 82909 
171576 129592 63850 169321 113851 113681 
171617 63384 162441 12821 196967 174555 
171396 34341 37414 200571 131119 160666 
171488 157299 10498 155434 130979 191602 
171407 152832 167922 148562 198525 108284 
171399 163406 114402 152359 150174 98276 
171511 165623 96122 54329 50918 175863 
171378 183028 67357 64133 181354 180215 
171297 147607 111935 30438 188547 46145 
171232 12095 196179 122286 183972 52498 
171263 108277 170047 5870 26080 95786 
171046 1963 137532 12095 1583 199574 
171115 12234 185309 106476 87449 166296 
171108 129541 195067 30591 70621 120994 
170989 32389 9325 161140 153329 199015 
171003 163644 138776 150634 86067 46110 
170978 45569 6564 135670 48855 86626 
170902 10316 12102 65472 121376 57089 
170666 150767 24245 170463 35830 150205 
170668 4876 188296 150829 116241 97690 
170841 102481 123074 40257 131560 12761 
170844 68517 87710 15669 44201 150990 
170542 99297 136793 164932 8621 57326 
170646 135956 147792 199661 22705 180890 
170455 49610 184648 68768 17018 111262 
170555 139550 148163 121358 140567 119436 
170442 67644 85092 8756 47702 78169 
170256 170252 192328 68172 160140 184815 
170231 197611 192518 133502 13364 46552 
170249 6226 126026 115579 17528 142415 
170169 54897 82909 58520 127181 63707 
170172 91485 35538 150680 148182 22048 
170279 63852 188622 87595 156706 135671 
170174 37930 87045 154502 183560 63819 
169902 105972 54927 10394 88439 8427 
169855 124437 26083 63179 24803 40314 
169823 159882 24268 195051 88997 147355 
169707 53188 45672 30757 10670 171607 
169700 61749 41140 128682 114317 120533 
169753 150990 13136 8021 30685 31384 
169669 61633 21087 117071 46216 119179 
169625 169848 176185 169321 4713 176382 
169648 151679 59196 107670 19208 17758 
169547 70671 18214 161808 58896 2757 
169271 156528 37930 199594 147215 42748 
169353 45219 58780 179766 134116 75474 
169360 56003 22048 2347 91485 53292 
169269 180394 116568 166598 159812 174441 
169303 95340 52471 168848 149761 192080 
169354 197507 141762 166977 115550 193272 
169143 103854 30970 159011 60337 83948 
169100 9031 25030 17213 120356 167922 
169190 128114 33539 121553 151679 150990 
168848 141426 121944 169303 87303 74254 
168971 70485 21798 192440 114000 52006 
168879 129592 102385 57129 169422 15152 
168632 136267 130679 64442 140708 195029 
168746 145402 32519 41920 132135 121866 
168650 28088 145275 200224 73102 59804 
168618 167723 5130 111354 34862 102817 
168547 64346 155004 86952 146366 24648 
168468 17017 170420 52426 196131 103941 
168587 165597 121594 99772 140708 115561 
168548 180202 118646 162438 86120 24616 
168555 152922 111354 123929 139635 102461 
168422 91232 160007 63850 169315 25579 
168334 42182 36647 45563 170844 114155 
168146 7043 120500 122430 38018 169259 
168278 87488 153045 34532 153094 193660 
168109 116262 23321 185181 32182 43535 
168112 188354 108958 64455 168873 98690 
167915 187856 128625 55648 35881 1013 
167790 19997 39798 184564 63384 36176 
167820 66783 96989 4839 61446 160160 
167723 193660 34862 113027 133851 137588 
167933 48018 47466 66763 176436 185153 
167675 22048 171514 45338 167819 130413 
167551 43360 129658 112566 20114 41808 
167530 195742 132058 158844 7350 178567 
167420 30591 171407 29069 4589 75985 
167289 46842 74986 123977 152168 102250 
167280 135984 174830 73383 183742 31085 
167185 132816 89412 108314 200168 51499 
167138 167491 33330 98171 96688 172579 
167077 69341 175951 114317 121454 115720 
166988 53854 30781 23766 157003 82884 
166803 74574 193144 80416 68232 112052 
166870 419 81686 179395 140789 188094 
166756 200434 39814 53605 129332 97191 
166462 102133 51825 75940 89377 98064 
166211 101239 87364 162799 17183 180680 
166164 39315 116347 12771 122882 142632 
166338 147603 82761 46266 163075 66980 
166074 101427 54790 45609 84776 137452 
166132 18025 68371 93808 102317 111876 
165853 55540 99050 106953 112950 29219 
165714 115716 136366 75480 169315 121617 
165634 13709 75228 6557 22481 37930 
165757 129592 70417 102385 131051 8134 
165505 8836 41062 15911 157448 50151 
165428 165249 12761 148574 184720 2347 
165540 102050 150943 36463 2037 53883 
165354 102626 97621 97057 17878 129845 
165131 2197 97335 28903 133855 132908 
165083 36323 196415 105997 5964 134505 
165100 61556 68001 21460 82653 200136 
165129 28516 141305 149366 171086 124089 
165055 37461 88688 160140 178785 51483 
164982 72780 184273 16230 85172 16808 
164963 122430 86329 37194 71607 102867 
164658 174419 88133 28494 107385 25579 
164808 105710 64133 149590 66855 7291 
164581 8810 148944 53377 146892 6069 
164522 86338 69723 121910 103891 11344 
164506 135980 63850 7276 183487 35257 
164373 161668 145240 26529 26947 125074 
164440 195098 67650 100181 34302 150771 
164218 45539 163523 160862 5220 43131 
164285 183353 35302 68463 84152 60652 
164333 173140 135517 140691 37738 94287 
163933 49474 188302 23756 24990 123660 
164065 179239 58012 200434 145633 9556 
164110 66763 151181 184745 99018 98723 
164272 178946 103727 86082 100 135819 
163976 48177 140555 56997 42905 54097 
163875 167257 14319 170345 176625 165923 
163825 66865 132229 161678 37782 128671 
163855 20271 120798 66925 134205 122385 
163798 24428 4524 125803 117745 87075 
163580 87488 34934 172509 176694 37930 
163682 118021 173179 128810 43805 8503 
163548 38716 55648 119629 67606 198718 
163552 46354 56801 123198 3763 35271 
163511 198718 83906 197988 138682 110498 
163529 89274 125006 130979 30350 192248 
163456 149348 162000 98931 117070 88851 
163223 68808 8502 15 468 875 
163025 57019 80460 141668 36022 147355 
163381 53858 166301 113851 66552 99429 
163510 118183 130109 31612 194717 95097 
162851 162094 63849 132703 125150 37930 
162998 162982 8422 98041 168413 139911 
162960 19766 13799 50231 138776 188296 
162916 162909 46271 187734 130973 22048 
162922 88688 183280 125324 64129 152277 
162793 18152 178573 179071 64240 67084 
162800 86036 188690 112584 65851 83906 
162771 186677 131452 125207 27383 54315 
162587 62241 71523 126654 101450 62331 
162562 171507 151541 124660 42812 152025 
162621 157380 194604 119163 35843 116622 
162512 65097 168061 175863 32273 15441 
162382 51665 88437 118454 5423 74073 
162232 75555 167625 105997 108284 194054 
162258 126000 3388 184633 196131 10657 
162223 60835 171753 71455 148285 116006 
162168 152282 62232 55666 97191 129795 
162132 194796 185974 154963 133378 65433 
162094 162851 55985 151541 123774 87488 
161949 91378 175046 132135 66807 29511 
161963 164851 89575 123834 54897 109727 
161864 150412 64346 70040 36846 177468 
161715 31391 15088 73195 99850 142132 
161664 67100 156526 150492 130251 129741 
161629 134017 193660 39212 149342 140814 
161652 111544 22917 7062 152612 126587 
161451 36934 110406 107160 59932 36462 
161418 22852 87171 13865 50709 151787 
161544 184720 176268 111196 17549 112584 
161534 116485 78574 102502 101247 124948 
161360 127464 63079 41660 17929 156156 
161211 140579 168405 185640 69627 108115 
161328 6528 50543 168564 94178 144921 
161354 174555 132804 153254 53513 43325 
161120 175416 66300 28754 73928 173140 
161087 106395 86636 51469 183988 172448 
161012 88480 41062 162 79709 162713 
160971 76522 185634 13167 54315 134494 
160702 53107 152785 136196 60170 8502 
160754 137225 17758 185430 142549 23164 
160714 49980 184203 21919 131540 117551 
160549 57968 87297 54136 89575 78154 
160641 103891 113851 3993 194054 72817 
160580 115448 56784 161544 96692 103975 
160417 174679 60754 184868 130329 1625 
160521 65433 155484 114989 85865 117631 
160282 46480 498 78747 55607 24332 
160490 30718 3001 83587 153892 153167 
160294 17318 63850 91464 138776 153839 
160215 18905 100 94699 111935 127329 
160386 152458 96408 140973 21769 95584 
160132 30276 79435 120657 139510 174861 
159981 123819 197016 70414 82133 155979 
159951 41660 170154 19504 46329 183807 
160119 86541 167488 52688 56414 118736 
159782 40269 78574 24685 67538 158769 
159871 102615 131656 107186 75474 15984 
159749 35298 116492 28519 99009 68855 
159907 63850 14 89914 200224 13167 
162387 5396 99596 28548 3574 57393 
159716 145574 8836 150990 187754 44201 
159570 140814 151181 139048 184044 180271 
159627 151877 63850 161544 69534 122664 
159566 14620 164851 112766 21698 184044 
159647 51090 83257 152282 39060 133506 
159635 133506 565 191640 83714 17462 
159531 94293 45263 42412 47892 146723 
159480 152832 115746 60263 118021 122786 
159449 31426 23049 50995 51237 67644 
159518 18867 68199 89625 194867 125750 
159280 198209 49654 120131 172490 100815 
159386 107385 161544 163116 193510 95800 
159281 64393 144921 108860 135039 144503 
159041 25469 109871 98064 80287 36848 
159092 20109 139911 55922 185179 23620 
158917 197016 29381 87589 10498 45188 
158994 62447 87171 24804 158744 38607 
159011 193216 186970 122664 49061 34232 
158868 131507 53115 110546 115608 24988 
158748 76003 163025 57129 199530 183955 
158801 64760 59904 187919 186954 62484 
158737 29664 148893 39073 186996 141426 
158765 141724 18910 180890 118985 67650 
158796 132335 40135 26317 35214 78779 
157443 186530 54039 66152 124281 164118 
158567 112775 3109 25110 67762 114499 
157326 77816 15706 141994 101857 88785 
157388 30914 69920 8277 131352 60897 
157372 22577 73160 140195 11498 108383 
157144 102736 151326 52288 111664 60989 
157192 169848 73981 121358 113717 10083 
157049 129064 71536 103983 130647 101684 
157007 185836 60897 15132 28087 9592 
157050 130329 48019 176344 2053 145822 
156784 58896 118736 83587 5606 191967 
156829 171500 6557 75415 47572 147142 
156890 169422 113851 173250 24026 58492 
156765 124520 55564 192190 89274 174814 
156723 156713 82909 59166 17742 28109 
156690 9866 67357 63994 155292 15310 
156736 121290 40240 109903 99009 171474 
156463 195091 181074 97724 9098 136095 
156528 36462 82280 200469 88660 101427 
156447 35911 108574 62129 53029 114848 
156526 126139 161664 98446 167922 819 
156399 3129 99366 1841 142922 39073 
156177 52566 188148 88718 111859 7340 
156212 143015 179444 168879 158682 142406 
156156 118985 129592 43491 113681 126139 
156102 130928 87912 196816 186409 200548 
155979 185309 151541 184720 67991 91232 
155952 82684 131832 140824 130462 127073 
155909 173810 42905 37738 177043 165067 
155876 109748 151902 136030 129851 121048 
155792 185196 113443 98512 8043 49011 
155958 42783 119905 59006 148163 150278 
155560 152101 45948 15690 17124 106600 
155582 133066 130424 44737 193567 107714 
155654 194611 174118 85059 164647 176885 
155656 52426 55050 38670 144402 55410 
155433 59179 169089 61627 28199 110138 
155421 56729 131678 161442 62154 133310 
155328 138776 162674 36106 126877 168422 
155268 97814 11414 135965 197304 88861 
155209 177417 106971 68526 59755 115170 
155138 75503 10404 125986 5826 103708 
155073 17624 150636 36846 145184 135049 
155006 165294 66763 114253 99018 62927 
154847 131051 137193 183984 70673 41840 
154895 8510 171803 154777 82909 45510 
154667 16816 23024 60835 200224 116006 
154688 198357 88074 169315 3176 193190 
154537 56403 132783 34956 45956 25714 
154564 36085 30164 62370 43780 55985 
154639 119925 30767 7483 56332 61952 
154531 144998 76185 54251 34788 97692 
154457 66201 180524 183119 131561 67357 
154434 28898 28109 47225 70447 116449 
154340 15850 83948 7687 178554 98211 
154228 29607 74861 40479 169807 130679 
154243 196415 118730 136024 24438 116774 
154136 132510 55337 22615 150083 42851 
154010 96808 32844 169848 18317 36846 
154083 9767 34641 97621 175863 30138 
154057 116285 79530 12091 12915 22758 
154003 103671 188450 63169 86572 102615 
154031 160088 88078 35508 63690 72805 
154095 99596 176797 123834 52322 54897 
153843 106988 99050 135726 85092 8756 
153845 174281 50543 101538 104544 9485 
153750 150628 56900 6381 63707 133391 
153880 55216 196104 132804 169149 193674 
153669 196572 45775 176113 48177 164027 
153679 148163 153839 67528 185309 145572 
153631 69633 136121 187205 38802 198378 
153548 21923 115239 24087 94120 173043 
153298 25246 139430 191531 67123 136120 
153408 111412 99840 172854 114169 128114 
153337 43331 157430 196660 183562 96290 
153322 36297 48346 78729 1914 60780 
153200 119546 117554 151262 7058 55337 
153134 14764 5683 156971 73164 169089 
153175 2787 131769 33778 40436 38213 
153081 141868 172490 49654 32805 198209 
153027 160322 79519 23332 142390 150271 
152991 104261 149631 168056 155434 123433 
153097 85650 168151 3782 49512 55540 
152872 150172 8332 13492 35 6413 
152801 128944 158990 103792 36396 169321 
152896 149786 168519 53148 64820 135819 
152803 156351 177327 72815 200636 178644 
152750 66925 112865 1313 4876 73531 
152715 78117 151700 184806 82570 61815 
152618 22327 159281 200920 116973 102416 
152585 190927 173988 100954 84603 147184 
152447 146595 176885 53377 75809 194611 
152371 67014 50543 120183 109959 121708 
152258 99212 102385 121114 133266 151679 
152216 101091 152590 99018 40493 108114 
152149 75480 54648 122195 140613 28556 
151989 99215 26857 57373 18214 147355 
152054 74656 152772 47611 155456 20149 
151915 18237 26078 142300 183100 55985 
151967 57743 67644 64911 28096 122522 
151848 16230 101091 145402 113475 121708 
151673 11351 154847 89551 117518 157278 
151695 63747 193272 63784 54122 20241 
151699 132569 10226 34743 71010 101991 
151436 47060 51996 54493 141825 28711 
151419 61827 120236 47781 100193 165951 
151277 136178 85418 115902 131869 10561 
151227 120685 145402 167922 43185 101091 
151262 119546 153200 86082 175091 151229 
151114 21234 74861 18788 1273 46549 
150990 8836 68517 60988 126528 37316 
150849 89412 52147 194254 128258 18731 
150834 63981 63852 195213 128815 141 
150701 106718 6848 160889 154129 200596 
150845 48785 200548 35137 89626 13136 
150479 150390 159128 142900 34590 185031 
150546 150506 130923 168254 23480 2218 
150298 162621 40201 157380 95015 129899 
150449 150278 43050 38195 27779 43722 
150394 53188 63384 195270 88997 52951 
150212 180668 5244 74181 90031 150017 
150120 5532 100811 122496 129064 50995 
150083 128018 57452 86221 133149 55337 
